 , #Wolves, #Preys, Wolf_Type, Homogeneous?, #Wolves_to_catch_preys, Visibility, Min_Preys_Captured
,3,10,[I@3c9bfddc,true,2,5.0,1
number_rounds
564
9
120
139
86
18
97
101
26
161
509
219
41
173
181
30
259
95
32
12
332
87
32
215
28
441
74
136
47
71
48
32
256
16
56
12
8
102
306
46
1178
1294
13
40
732
4
184
16
225
1356
186
327
301
149
73
102
182
110
542
83
91
225
216
126
197
48
6
30
23
208
281
79
42
1190
37
176
23
30
309
81
41
66
277
22
350
70
73
20
263
47
357
103
323
4
455
285
522
173
437
769
479
328
277
16
167
23
392
51
19
43
1612
40
490
22
347
84
6
1476
10
153
497
59
26
121
43
77
487
68
561
38
1205
19
284
26
264
41
571
233
89
5
904
351
20
8
33
20
582
264
18
20
422
198
21
599
141
17
788
17
235
436
20
11
49
78
167
156
228
96
16
68
217
186
1035
373
31
76
160
24
22
70
15
48
1400
70
163
460
37
221
46
74
428
30
191
30
5
26
32
126
25
183
86
89
201
520
107
24
238
191
61
441
347
155
22
14
118
39
23
889
828
150
18
204
83
684
277
30
161
4
157
38
56
205
552
132
288
474
414
953
190
22
27
117
107
596
13
64
240
85
37
72
66
202
257
92
98
84
23
280
11
21
421
83
27
228
267
391
83
1168
37
177
205
43
247
99
99
468
194
744
204
127
273
34
349
171
65
418
80
436
41
115
10
36
15
1456
692
11
241
377
56
525
28
29
165
133
21
127
154
276
30
141
79
61
297
863
121
11
6
729
18
213
171
111
97
265
8
318
70
97
235
56
241
18
88
441
36
259
19
3091
386
4
5
348
220
102
46
13
495
676
80
48
74
71
111
718
66
373
196
80
307
100
38
206
40
87
65
56
158
272
30
128
22
24
68
28
21
649
246
1053
25
221
92
15
145
496
62
38
737
55
43
11
148
106
220
44
14
29
206
22
64
167
659
176
160
70
34
9
181
20
157
402
10
91
105
28
28
481
77
350
34
15
130
347
263
238
427
167
14
95
40
211
1024
343
5
94
26
281
5
56
43
206
7
63
86
6
186
26
265
83
739
163
757
251
33
323
157
77
63
197
409
18
24
25
56
24
20
47
181
369
888
9
102
654
135
4
44
102
37
1394
126
43
99
298
2109
612
55
1402
32
421
102
269
557
42
765
53
124
27
100
402
52
33
401
26
10
98
41
69
569
126
26
316
618
261
403
8
466
5
202
31
96
17
558
200
229
114
395
23
79
264
36
75
439
108
46
14
214
208
34
78
1015
59
116
23
312
237
159
33
193
375
231
441
67
281
201
111
201
314
60
30
350
971
212
166
106
114
39
96
321
34
335
167
19
42
282
279
111
749
17
152
359
57
765
218
14
484
313
132
81
145
89
78
27
30
69
26
58
1329
105
38
24
12
1
65
268
8
7
531
21
139
31
32
88
398
29
597
543
346
325
296
3
35
36
24
198
12
403
106
67
32
25
10
50
111
14
23
395
15
43
382
22
1464
270
58
73
67
85
10
17
278
17
43
24
86
15
292
14
366
479
301
171
218
46
165
429
37
357
407
49
12
1245
617
313
6
1044
435
19
658
351
278
77
116
32
98
149
53
25
232
72
32
159
30
84
74
52
17
346
13
12
11
8
67
86
838
73
37
175
7
95
34
109
88
75
44
121
35
11
164
22
27
53
83
116
76
463
20
51
45
72
11
271
11
93
165
558
39
21
14
340
564
142
59
559
234
15
19
34
504
375
45
272
276
82
60
58
47
268
142
130
8
75
38
152
14
130
387
97
43
444
166
997
37
49
33
4
32
285
184
18
567
840
600
278
124
55
139
344
206
75
1112
106
73
1342
25
11
437
238
11
144
62
924
77
388
167
38
168
26
241
100
301
84
347
17
234
517
69
389
772
164
91
2
177

