 , #Wolves, #Preys, Wolf_Type, Homogeneous?, #Wolves_to_catch_preys, Visibility, Min_Preys_Captured
,3,10,[I@23d1e5d0,true,2,5.0,1
number_rounds
106
68
2
165
41
169
80
132
19
89
146
23
96
50
36
93
53
35
45
32
50
62
5
200
23
47
111
51
17
80
29
39
27
81
19
9
203
36
15
111
11
121
45
60
14
27
31
74
9
85
372
50
120
336
504
33
107
67
7
19
90
24
56
16
54
452
240
199
14
122
35
62
28
295
62
18
22
42
7
92
28
31
45
18
98
41
41
103
235
44
69
601
57
41
26
35
333
35
92
134
13
50
29
6
67
65
565
243
71
14
36
55
63
46
29
48
32
27
104
70
73
30
29
24
8
70
250
9
21
86
14
41
36
64
14
25
8
27
56
33
148
57
16
138
132
32
178
100
67
29
19
82
17
27
18
51
83
22
10
17
101
444
24
38
99
59
37
119
35
77
38
125
36
14
102
104
75
4
102
3
30
9
631
27
32
90
23
195
33
30
24
43
117
85
30
12
194
166
25
219
20
45
10
108
22
30
44
58
37
31
25
110
47
10
8
30
162
22
43
179
43
26
13
141
143
54
29
20
64
47
23
7
30
185
146
15
159
8
258
87
53
65
15
23
44
28
76
26
31
50
16
35
38
28
28
56
22
11
160
70
159
10
11
540
40
59
94
56
94
123
213
44
53
83
99
68
205
30
19
146
138
272
139
106
126
152
24
155
86
39
50
29
34
24
10
28
24
174
26
166
79
91
133
39
124
144
84
68
45
120
44
39
32
33
163
102
20
79
48
10
187
187
102
15
84
39
87
55
28
82
10
213
1
47
29
41
80
11
21
112
12
155
183
30
113
19
47
50
42
51
111
33
127
22
32
35
41
29
26
57
55
29
63
661
13
25
58
37
58
28
78
25
35
230
323
302
21
3
23
82
76
27
34
31
55
27
746
193
79
51
16
11
52
56
56
82
85
28
24
10
47
110
28
21
152
85
34
49
30
81
24
87
48
57
22
36
104
253
299
18
7
57
14
85
22
155
52
34
27
15
34
7
18
20
80
75
376
3
14
23
114
16
33
32
78
45
136
45
96
28
34
15
9
393
39
20
139
33
67
37
136
136
44
7
21
63
96
55
35
87
244
21
46
84
109
199
726
33
61
42
120
11
51
42
36
19
29
26
70
49
15
115
31
51
114
101
18
117
31
44
27
275
18
72
99
8
43
20
66
40
31
15
26
23
40
109
32
26
18
59
249
43
126
75
23
97
42
182
26
586
131
18
27
50
41
41
30
13
78
34
9
16
166
68
10
37
35
71
300
281
149
42
146
5
101
35
37
31
105
58
15
6
117
143
86
29
9
174
26
45
48
378
36
67
196
77
28
52
32
5
66
30
152
195
21
67
89
50
102
24
101
242
23
32
81
18
91
449
132
370
82
26
281
314
10
44
25
18
72
36
16
321
45
22
38
40
37
49
22
188
451
19
17
16
35
179
688
89
22
26
37
44
59
45
80
252
445
66
518
2
65
39
17
38
20
26
56
154
279
54
12
39
1036
18
440
8
73
30
17
18
374
83
63
336
28
27
62
86
55
20
23
5
73
4
244
69
42
24
73
313
52
256
78
5
241
85
13
68
22
39
95
32
153
15
77
57
55
41
17
32
30
94
34
305
27
105
54
264
82
207
115
34
25
31
65
10
22
75
115
36
228
56
308
85
62
159
39
19
33
17
46
27
22
19
32
26
65
235
65
93
32
23
17
41
114
62
43
55
118
63
27
33
109
167
190
30
39
54
36
35
40
105
22
23
17
12
15
64
204
2
141
82
37
149
18
22
126
81
144
135
218
17
152
55
125
25
38
188
49
13
143
20
17
53
29
338
65
54
53
128
54
164
32
45
45
13
37
366
18
54
323
26
63
54
32
119
10
39
71
275
174
23
34
28
30
14

