 , #Wolves, #Preys, Wolf_Type, Homogeneous?, #Wolves_to_catch_preys, Visibility, Min_Preys_Captured
,3,10,[I@58ffcbd7,true,2,5.0,1
number_rounds
19
17
39
56
26
31
48
12
152
12
71
90
27
8
42
29
124
51
24
196
37
32
67
88
22
33
13
22
17
51
10
20
14
5
26
195
31
83
97
81
39
70
18
15
44
22
22
220
12
24
111
36
9
55
42
29
20
181
110
55
18
55
171
424
194
63
42
57
48
162
16
15
22
52
38
379
10
27
19
21
185
23
9
13
11
13
14
16
24
42
35
85
22
41
9
42
36
65
92
45
22
25
33
50
69
12
4
43
8
4
37
21
9
16
48
25
18
17
32
105
305
20
8
54
20
34
36
25
65
46
140
33
18
7
5
63
80
16
39
10
38
103
80
37
39
18
31
105
5
10
26
13
4
288
195
14
71
18
116
39
33
58
28
212
18
58
43
33
52
17
32
26
11
9
75
17
40
38
31
32
37
38
37
76
208
33
91
84
66
29
60
17
17
101
80
39
79
10
16
88
4
100
30
25
207
14
20
13
110
27
18
52
34
54
74
74
132
18
113
2
52
41
36
50
41
98
33
72
60
34
27
16
45
79
50
11
83
61
51
174
27
43
78
33
35
38
23
49
45
63
106
91
29
31
61
43
14
13
15
76
11
46
29
26
28
21
119
39
9
18
29
76
330
6
102
109
84
20
86
51
36
33
29
42
29
10
155
95
20
97
20
32
18
38
12
35
21
35
41
53
20
34
28
65
30
19
12
62
41
17
121
54
8
30
52
20
87
8
84
301
61
22
26
28
33
12
14
36
17
112
33
29
31
32
20
20
87
49
51
10
29
17
184
19
62
2
35
1
7
27
63
33
44
22
26
8
13
10
175
23
8
73
32
10
123
25
36
42
7
140
51
30
48
30
181
36
43
38
123
42
37
8
72
87
58
119
33
95
15
35
293
5
6
15
8
102
113
43
26
101
43
27
29
29
4
69
29
8
12
57
162
14
20
34
151
113
44
112
41
9
83
32
74
119
24
39
85
25
95
20
14
12
50
28
87
125
29
26
45
70
41
29
43
24
83
38
90
24
46
14
67
73
173
62
98
10
53
175
21
47
18
50
36
37
39
21
14
11
23
79
13
42
67
40
22
28
19
9
67
72
34
8
112
43
14
94
20
34
26
89
63
13
4
16
19
97
26
12
78
42
15
55
42
65
46
51
23
41
37
33
16
11
13
23
34
35
13
14
4
99
75
24
101
133
48
96
36
55
21
22
49
35
18
30
49
67
26
219
22
43
43
44
48
44
33
13
67
24
99
21
54
22
37
21
70
31
36
22
42
8
90
35
105
23
44
19
14
19
23
161
43
21
151
111
26
274
17
29
20
63
131
71
49
33
13
56
18
12
62
54
12
24
17
10
32
16
60
24
20
18
27
28
96
57
38
49
28
9
13
17
15
50
15
33
30
33
33
2
169
26
73
127
41
1
16
15
33
23
32
94
34
51
21
54
27
35
15
11
21
15
168
43
24
5
19
22
23
45
106
23
29
7
27
26
80
4
27
66
8
20
18
119
127
21
25
16
28
9
51
43
59
30
132
8
218
196
65
59
9
25
33
15
41
573
134
61
42
81
31
30
22
24
34
41
14
33
24
25
11
30
18
13
82
18
17
18
291
40
13
48
8
270
51
169
54
50
12
15
33
15
22
16
23
9
91
7
52
25
67
12
16
30
15
13
120
9
61
32
79
3
71
23
19
141
20
83
21
30
35
16
41
31
62
22
17
54
20
37
77
27
59
33
73
43
14
45
59
5
40
42
24
184
34
16
12
15
26
18
44
45
12
115
40
34
102
27
35
31
82
24
22
10
2
36
123
8
17
29
29
5
31
67
12
17
31
100
12
20
18
26
31
9
28
70
14
25
23
14
21
32

